011690
008970
018470
001470
034020
001570
005930
011930
001440
004140
047050
064350
002410
010820
011200
008700
002900
047400
010050
001250
011300
102280
010140
005110
008040
085310
047040
028670
005690
316140
002360
005420
011700
009180
000990
058730
053690
105840
008350
126560
084680
009830
007460
093370
000660
019440
028050
009070
000720
336260
005030
003720
017960
091090
000230
004410
013360
000270
088350
117580
090080
071090
007110
086790
003490
005010
055550
066570
138930
006360
015760
105560
035720
249420
034830
010600
000300
042670
002880
002710
008420
007660
010950
214330
082740
005935
002140
017670
323410
126720
001450
010690
034220
241590
017550
012450
008110
081660
013700
092220
006060
001140
030200
003530
047810
002700
003560
069460
251270
007210
036460
037270
002780
024110
032640
003610
093230
003670
042660
074610
012170
302440
005880
001020
005380
006740
018880
001510
017040
005070
006110
016380
004920
353200
000370
377300
028260
004870
322000
014160
139130
006800
294870
000490
259960
011090
009320
012800
001120
272210
025750
003060
020760
003580
075580
001780
088980
375500
004250
004020
002870
015230
035250
006340
001430
004060
026890
009900
037560
105630
003010
001230
900140
001790
373220
013520
015020
068270
011000
016880
019170
128820
317400
005940
009270
010060
015590
000080
035420
130660
000890
024890
137310
009200
009190
112610
033180
175330
011790
003410
007120
030000
001360
378850
042700
015860
241560
001740
008560
003280
114090
267260
009150
001380
096770
001340
051600
008730
004430
011070
005490
103590
025820
036570
058850
003000
006490
023960
000910
049800
052690
008600
091810
001520
020150
027740
200880
361610
002070
009580
000970
006570
079550
004770
016360
009410
035150
032350
330590
069960
329180
025620
000880
073240
213500
348950
003550
381970
002690
023350
005950
031820
267270
086280
004990
005320
026940
000180
007810
025860
404990
077970
009460
014790
058860
195870
000400
298690
352820
002150
383800
005440
002630
009470
010620
293940
012330
138490
003520
001210
011210
006220
161390
033780
010660
020120
011420
001390
032830
051910
033240
139480
402340
004100
036580
009810
003570
006400
118000
129260
053210
101140
004310
033530
020560
014530
083420
001290
016090
008770
005750
005390
078930
000020
009450
014580
000060
000210
005830
161890
013000
009160
009540
000150
014440
395400
336370
012200
001200
031430
012280
012610
005360
032560
036420
068400
204320
004000
104700
300720
090370
012160
004090
096300
006260
003220
007070
089590
192650
248070
012030
009290
090430
178920
383220
002220
271940
006880
079160
015890
006380
145720
003230
000810
145270
012690
267250
003690
011330
004360
326030
002760
004980
095720
071050
123890
365550
034120
071970
012630
004380
077500
004710
229640
264900
004960
021050
004270
011810
000100
272450
111770
138040
007860
014710
034730
011170
103140
006200
000430
005870
013570
001680
003160
002350
003960
181710
120110
039130
100840
008260
044380
002790
021240
192820
092200
005500
002450
307950
093240
097520
002990
009420
001060
357120
161000
007980
015260
005850
009310
069260
005090
308170
011280
002100
018260
010780
133820
090350
011150
108670
004560
334890
030210
183190
000040
192080
006890
009415
002240
009240
014280
004720
016710
136490
001795
271560
282330
068290
003080
003480
001530
084010
102460
009835
014680
120030
004540
033250
285130
010120
377190
013580
023530
002720
017800
003780
020000
010960
004910
163560
011230
008060
002460
004450
115390
000680
014130
084690
244920
027410
005680
011760
000120
017900
210540
016740
029780
363280
000240
010130
000540
003470
004440
051630
012510
100250
002310
082640
007280
017180
396690
023590
400760
194370
003460
071950
024090
010640
003850
009440
017810
001260
009770
122900
298040
014830
004830
018500
119650
155660
004150
095570
001550
000390
092780
027970
007340
372910
005387
097950
004255
005960
010100
001820
214420
003070
102260
011500
002320
033920
003545
003680
001880
010770
072130
011780
069730
000520
001800
002390
010420
950210
001500
030720
005250
000220
000590
004170
008250
028100
078520
064960
000500
023800
051900
214320
207940
357250
005385
066575
034310
012750
417310
005945
016610
001940
033270
298050
306200
019180
139990
145210
089860
010955
013890
004490
004800
079430
005740
006090
058430
101530
029460
338100
014910
180640
267290
014990
001040
281820
007570
000140
093050
044820
003540
088260
298020
014820
350520
008930
003030
070960
001620
055490
018250
085620
002020
026960
013870
001560
037710
024900
079980
017370
128940
023150
111110
007700
210980
005300
071840
018670
003090
081000
286940
035510
096760
039490
030610
339770
134790
024720
234080
044450
041650
002380
293480
025890
192400
034590
007540
002210
097230
060980
000700
006280
007690
088790
168490
226320
000070
006650
008490
006390
016580
025530
006840
019680
024070
004690
003200
003547
004370
017390
284740
009970
000640
035000
089470