082850
124560
900270
050110
039610
148930
090710
066410
126640
138070
323990
082800
027580
025880
044060
045510
046390
389260
246690
187420
058820
099220
340440
113810
065440
382900
112290
096040
006910
052260
900260
073540
121850
217600
100130
076610
065420
123010
061250
009520
208350
388050
095910
032820
043910
090410
053050
121800
277810
037440
039420
046120
388720
020180
068940
060260
900340
064550
024880
049080
111870
096690
204840
288980
095500
222810
099440
064260
060900
335890
278650
226360
096610
096530
013990
396300
159910
054220
101170
126880
109610
035460
396270
010280
053260
083640
399720
020710
081150
220260
900110
056090
054540
073560
137950
319400
297090
027710
333430
058610
094940
164060
052020
025320
159010
205470
195990
272110
024740
321260
267320
258830
012340
048550
900280
042940
317830
065530
412350
253840
046940
128540
018000
089150
038620
143540
037760
256840
083650
027830
015750
054090
013720
003310
060150
043090
056700
016600
391710
189980
192250
179530
010170
247540
900300
151860
366030
014620
041190
263750
059270
288620
104480
028300
397030
035810
024810
005860
014200
287410
085370
026150
179290
002290
041460
038110
084650
076080
065570
079190
106240
900250
025770
362320
086520
126340
009620
057540
034940
078150
215100
263050
376180
011320
023160
058450
257720
214310
029960
074600
290510
222080
339950
021880
136480
261200
086670
036090
064520
151910
900120
192410
224060
060250
048470
035890
122870
090150
306620
118990
065450
060480
131400
025550
067630
222420
041590
117730
100090
089230
214680
094170
052300
036930
018620
011080
377460
036540
089140
038880
310210
074430
219420
368600
011370
025440
060560
950130
225570
160980
050860
365900
089530
214610
225590
091990
268600
293780
293490
069540
005290
032680
095190
033500
048410
060240
950220
107600
078130
371950
066670
206650
365590
198440
036620
323280
036030
123330
336060
094820
054630
096350
080420
045390
222800
054180
208640
336570
013810
007390
105740
289080
048530
084180
101000
353810
086980
019770
219550
047770
298380
234100
263600
073570
054300
038070
177350
047920
189860
067310
037950
064240
066970
101730
255220
067390
183490
104040
043220
027360
088290
382480
032580
112040
019660
019550
001000
158430
033170
052900
299900
030960
016790
290670
245620
037030
332290
085670
090460
086890
119850
080220
217500
178320
347740
101400
072770
048870
089970
033200
303030
036640
021080
078860
240810
046970
038010
001840
291230
214870
102370
140410
060370
114630
042040
230980
088910
264850
108860
108320
025980
297890
377220
173130
033050
033100
214270
331380
125210
022100
034230
002680
078340
067000
031860
073640
060720
134580
115530
016920
382800
281740
402030
253590
043200
091700
217730
140670
032800
317240
017000
170030
068790
182400
241520
196170
036710
033830
043590
006050
218150
115440
064820
030350
270520
071280
049070
052600
041440
046440
043710
377480
038530
250060
084370
193250
032080
196490
128660
298870
108490
098460
328130
025950
079970
054210
208710
037400
900310
095660
365340
091580
060230
014470
067730
270660
109820
214150
273640
048770
094860
206560
037350
019570
114840
383310
063170
013030
019990
227950
261780
049480
049180
195940
003380
019590
060310
056080
307870
041510
068240
036630
084730
297570
053590
094970
063440
040350
100790
217480
046890
013310
050890
039240
036200
115480
045660
035900
117670
041930
093520
115610
053060
317850
088800
363260
094480
051500
053270
040610
022220
073010
082660
043260
127120
033310
368770
039440
036890
006730
066590
071670
033160
196700
310200
242040
376300
121600
058630
106520
049630
227610
033230
043100
023760
057680
272290
100660
246710
094360
012860
900070
352700
042110
054450
196450
089030
289220
105550
200230
059210
137940
050090
024940
047820
067160
092300
075970
348030
185490
049720
160550
059120
133750
203650
357580
115450
031330
030530
065510
014190
033540
065150
036180
011560
290380
203690
294140
377030
097870
048260
066130
018290
043340
000250
205500
308100
204630
141080
241770
104830
085660
288330
277410
095340
309930
136410
137400
086960
087260
051490
290650
056190
053620
044480
083790
038500
077360
099430
327260
056360
036010
063080
340360
192390
389030
023410
131220
230240
024840
104200
153490
108380
072470
142280
092600
142760
166090
114190
027050
382840
115500
061970
053030
353590
130500
014940
004590
131370
131090
078600
021040
053950
307750
322780
304840
389140
319660
348210
263800
148780
072520
046210
237690
311390
039200
070590
051360
259630
187790
126700
239340
058400
101160
123750
227100
204020
225530
008830
222980
089980
300120
064800
184230
119500
126600
035600
042510
122640
033640
054930
099410
353190
119610
403870
241840
065770
013120
361390
356860
159580
370090
205100
089890
373200
047310
032500
276730
179900
252990
065350
036120
065500
059090
067290
252500
019210
014970
061040
024060
334970
290270
001810
042370
071460
131970
211270
036170
208340
082270
018700
039290
060540
035200
228760
241690
214370
377330
051980
351320
078890
090360
103840
083450
095610
318010
082210
039860
080000
054940
006620
131390
069920
049830
007720
211050
065680
139050
091120
190510
024850
049470
206640
039980
251120
054670
201490
053080
289010
067900
085910
235980
115310
084990
247660
031510
045300
066430
037230
372800
130740
004780
041960
131180
086390
048830
253450
054620
054950
037070
348370
053290
058110
101670
052670
060590
222160
204620
254120
041020
144510
032280
067990
019010
213420
079370
044960
123420
051780
050760
000440
042000
171120
040300
137080
299660
041830
277880
065170
230360
171010
066790
361570
217190
317330
012620
156100
187270
318000
153710
078350
352910
092190
308080
203400
114810
053700
278280
276040
025900
115160
154030
284620
090850
208140
104620
095700
007820
043610
066980
033130
102120
068760
044180
215200
123410
186230
234300
030190
207760
101490
039020
046310
087010
225220
145020
097800
069080
064290
365270
114450
035620
092070
049120
035290
033290
053980
060380
149980
005160
119830
035760
195500
032300
138610
122350
174900
047080
027040
088390
038950
024950
950140
023790
038870
017890
357880
200470
265560
275630
038540
194480
262840
082920
232140
124500
228670
075130
039840
265520
068050
100120
012790
033320
096630
262260
218410
045970
030520
169330
054920
045100
131760
250000
282880
199820
060850
220180
044490
122450
187660
311320
216050
294090
144960
226950
217620
330730
150900
086040
189300
085810
091590
038460
053800
140070
079810
321550
099190
063570
314130
032540
177830
032190
123040
083310
101360
307180
029480
123570
051160
032980
241820
037330
376930
051370
215790
109960
200350
024800
083660
001540
045340
024120
900290
089010
023770
100700
256630
298060
033560
208370
066310
273060
337930
066910
212560
083500
148150
236810
078140
147830
320000
220100
357550
003100
064090
131290
101930
060280
163730
039560
012700
291650
294630
286750
005670
041920
054040
039030
250930
051380
174880
011040
340930
140520
175250
376980
239890
032750
307280
008290
274090
043650
010240
008370
067920
224110
038680
092460
143240
042600
014100
183300
171090
052400
294570
258790
065650
086450
357230
007370
182360
232680
032620
090470
086900
104540
064480
036810
065060
058470
168330
251370
080160
237820
091440
092040
191410
206400
146320
046070
043360
044780
042420
079000
237880
035080
203450
129890
023600
347890
313760
200130
317120
347860
047560
199800
016100
079170
214450
238120
039310
017650
039740
065950
226340
083550
007770
237750
086060
048910
356890
052220
037370
094850
290720
367000
040160
238200
067570
142210
267980
006140
023440
067010
089850
018310
194700
330860
123840
369370
024910
037460
127710
067170
108230
036560
105330
093920
078160
032850
010470
053580
099320
317870
052460
215480
197140
066360
161580
238090
093380
101330
139670
079950
200710
377450
038060
072020
041910
187220
021320
071200
067080
054780
058970
052860
053350
035610
225430
086710
244460
267790
073490
049960
021650
290740
166480
122310
258610
089790
215000
228340
301300
080520
004650
017480
332570
072990
069330
285490
071850
141000
063760
347700
217270
270870
057030
054050
122690
226330
043150
299030
260930
340570
222040
052330
198080
950200
102710
089600
036830
031980
215360
053160
226400
352770
064760
052710
307930
100590
083930
043370
376290
098660
225190
068930
032960
092870
121440
263770
088130
138580
263700
006920
251630
243840
081580
317690
263810
260660
351330
136540
101390
317530
017510
111710
069410
359090
093190
078020
352940
363250
119860
332370
053610
093640
067770
053300
376190
080530
217820
331920
154040
080470
109080
080010
265740
049950
059100
110990
241790
110790
102940
104460
065660
312610
131030
243070
080720
048430
138080
049430
036690
120240
299170
101240
098120
263690
200670
046140
338220
044340
020400
302550
060570
053280
290090
096240
042500
323230
204270
290660
066700
053450
170920
214260
348150
306040
298540
079650
303530
310870
099750
290550
036800
018680
221840
096870
031310
040420
357780
293580
148250
347770
049520
015710
065130
347000
140860
161570
050120
014570
007330
045060
354200
073190
079960
072870
155650
028080
034810
084110
072950
315640
228850
214430
322310
065370